header_version 1

scan_name Column 1

year 21

month 11

day 10

day_of_week 2

hour 0

minute 9

second 9

system_temp_100 3601

detector_temp_100 0

humidity_100 2576

lamp_pd 57

scanDataIndex 32178206

calib_coeffs {'ShiftVectorCoeffs': [-7.184240469201768, 0.0602848240468949, -0.00012646036982735795], 'PixelToWavelengthCoeffs': [1818.2214757233885, -0.9117231407026981, -0.00024073331842837744]}

Serial_number 6110149

adc_data_length 0

black_ptrn_first 0

black_ptrn_period 0

pga 64

cfg {'head': {'scan_type': 2, 'scanConfigIndex': 117, 'scanConfig_serial_number': '6110149', 'config_name': 'Column 1', 'num_repeats': 6, 'num_sections': 1}, 'section': [{'section_scan_type': 0, 'width_px': 9, 'wavelength_start_nm': 1000, 'wavelength_end_nm': 1200, 'num_patterns': 67, 'exposure_time': 2}, {'section_scan_type': 0, 'width_px': 0, 'wavelength_start_nm': 28674, 'wavelength_end_nm': 106, 'num_patterns': 12598, 'exposure_time': 12337}, {'section_scan_type': 49, 'width_px': 52, 'wavelength_start_nm': 57, 'wavelength_end_nm': 28021, 'num_patterns': 97, 'exposure_time': 42280}, {'section_scan_type': 215, 'width_px': 4, 'wavelength_start_nm': 7040, 'wavelength_end_nm': 34, 'num_patterns': 0, 'exposure_time': 0}, {'section_scan_type': 0, 'width_px': 128, 'wavelength_start_nm': 0, 'wavelength_end_nm': 14087, 'num_patterns': 490, 'exposure_time': 0}]}

wavelength [1000.2892109654294, 1004.1040693206887, 1006.6449008910107, 1010.4525372467173, 1012.9885541506707, 1016.7889685068244, 1019.3201707444091, 1021.8494471154465, 1025.6397506722262, 1028.1642123768952, 1031.947293934122, 1034.4669409724222, 1038.242800530096, 1040.7576329020278, 1044.526270460149, 1047.036288165712, 1050.7977037242804, 1053.3029067634748, 1055.8061839361221, 1059.5574886953164, 1062.0559512015948, 1065.8000339612363, 1068.2936818011462, 1072.030542561235, 1074.5193757347763, 1078.2490144953122, 1080.733033002485, 1084.4554497634676, 1086.9346536042722, 1090.649848365702, 1093.1242375401378, 1095.596700848026, 1099.3017848100822, 1101.7694334516018, 1105.4672954141051, 1107.9301293892563, 1111.6207693522065, 1114.0787886609892, 1117.7622066243866, 1120.2154112668006, 1123.8916072306451, 1126.339997206691, 1128.7864613161887, 1132.4525464806593, 1134.8941959237889, 1138.5530590887065, 1140.9898938654674, 1144.6415350308325, 1147.073555141225, 1150.717974307037, 1153.1451797510606, 1156.7823769173199, 1159.204767694975, 1161.6252326060828, 1165.2523189729682, 1167.6679692177072, 1171.2878335850396, 1173.6986691634104, 1177.3113115311899, 1179.717332443192, 1183.3227528114185, 1185.723959057052, 1189.322157425726, 1191.7185490049908, 1195.3095253741117, 1197.7011022870083, 1200.090753333357, 0.0, 0.0, 2.6669686943638315e+168, 0.0, 0.0, 0.0, 2.6669686943638315e+168, 0.0, 0.0, 0.0, 0.0, 0.0, 2.6669686943638315e+168, 0.0, 0.0, 0.0, 0.0, 0.0, 2.6669686943638315e+168, 0.0, 0.0, 0.0, 0.0, 0.0, 0.0, 0.0, 0.0, 0.0, 0.0, 0.0, 0.0, 0.0, 0.0, 0.0, 0.0, 0.0, 0.0, 0.0, 0.0, 0.0, 0.0, 0.0, 2.6669686943638315e+168, 0.0, 0.0, 0.0, 2.6669686943638315e+168, 0.0, 0.0, 0.0, 0.0, 0.0, 0.0, 0.0, 0.0, 0.0, 0.0, 0.0, 0.0, 0.0, 0.0, 0.0, 0.0, 0.0, 0.0, 0.0, 0.0, 0.0, 0.0, 0.0, 0.0, 0.0, 0.0, 0.0, 0.0, 0.0, 2.7585945283e-313, 8.4879831644e-314, 8.20485518e-315, 1.8335315103082949e+168, 6.79038653114e-313, 4.637953955474923e-181, 1.060997895e-314, 5e-324, 1.947072490431685e+168, 9.089279096605493e-182, 9.089424350525455e-182, 2.7810336998e-313, 1.27602267021563e-191, 1.8341424622709095e+168, 1.276038723112221e-191, 4.6383952249814066e-181, 1.2760226009876564e-191, 2.1219957915e-314, 2.340364838e-314, 6.81052991434e-313, 8.70018274454e-313, 1.948305192811437e+168, 2.014338207e-315, 2e-323, 2.666968880613902e+168, 4.638128624654533e-181, 4.6383961126195974e-181, 1.50863134979e-312, 9.089278489023483e-182, 1.7029046485010178e+168, 9.089278489023388e-182, 9.089279083867036e-182, 9.76118064195e-313, 5.11462680185e-313, 1.832050467887185e+168, 9.089278489023388e-182, 3.5e-322, 1.2758735079909935e-191, 6.7903865311e-313, 1.508800702057e-312, 1.9499337996051152e+168, 4.63847885144115e-181, 6.52001339847867e+168, 4.638459576784443e-181, 6.52001441616949e+168, 2.19687147e-315, 2.6669686943638315e+168, 5.075004258703582e-181, 2.3440800380140442e+168, 5.075005599637337e-181, 4.6385707825883284e-181, 0.0, 1.6945186731880287e+168, 5.125163986355735e+168, 1.2760228582299661e-191, 2.9424702456e-314, 4.638708679516508e-181, 5.075004298242993e-181, 1.7013399262833193e+168, 5.075003822368075e-181, 1.8369542839232739e+168, 2.19687147e-315, 2.339053851522831e+168, 1.3790759303903225e-300, 5.5639208750907355e-191, 1.9160443663501346e+168, 1.276022600987656e-191, 4.638901065672919e-181, 1.276022859298516e-191, 4.4465464455e-314, 6.37996363900725e+168, 0.0, 1.6923609941321926e+168, 4.639011163667631e-181, 2.666969389344116e+168, 4.4465464455e-314, 5.568223411094384e-191, 5.4077116501975427e-191, 2.2387190760769804e+168, 1.2760226648270983e-191, 5.568223412471462e-191, 4.177409156792924e-194, 4.639379107639208e-181, 5.4075628529672626e-191, 5.567324428193519e-191, 5.559725870403819e-191, 5.5682127034822e-191, 6.379963982560552e+168, 5.550371897376655e-191, -497302.02386268927, 2.02555652e-315, 5.5681699015263886e-191, nan, 5.5682231571136914e-191, 1.6083932670708786e+168, 6.379967238138276e+168, 4.177409406202069e-194, 8.707604106e-314, 2.6669688661418226e+168, 5.567325206306543e-191, 2.6669686943638315e+168, 5.5681913059145625e-191, 2.666968880614115e+168, 9.089278489023388e-182, 2.6669686943638315e+168, 5.516488750897352e-191, 5.568169646143258e-191, 4.639783604686699e-181, 8.196757427e-315, 4.463612641e-314, 0.0, 4.243991582e-314, 0.0, 6.779369057546225e-191, 5.2585445079861084e-191, 8.152111846984648e-290, 4.639802014513312e-181, 6.564442089282302e+168, 5.0644721353e-314, 6.706448013511725e+168, 3.190687e-316, 1.6923609941322747e+168, 4.63990289579545e-181, 6.56444208950923e+168, 5.0644721353e-314, 1.2934222722191628e-300, 4.639985633827928e-181, 4.0750388930368746e-290, 2.666968706108629e+168, 4.075038189247676e-290, 2.666968706108629e+168, 1.6923609941322915e+168, 4.6400867580898456e-181, 4.0750388930371286e-290, 2.666968706108629e+168, 1.2934222722191628e-300, 4.640215699561834e-181, 4.0750388930555484e-290, 4.2578407084e-314, 1.2934222661599895e-300, 4.640215461695925e-181, -6.994113808150449e-279, 1.9097962119e-313, 4.640261458666757e-181, -6.9941147754669066e-279, 1.27600469333e-313, 2.2387190760772084e+168, 1.2934222712400886e-300, 2.6669687189480496e+168, 2.3780997659844655e-292, 2.6669688806143094e+168, 7.841352998768436e-292, 4.6410428724247835e-181, 2.489484254603526e-292, 2.3780846529582826e-292, 6.379906100572894e+168, 2.666968694363835e+168, 2.82394524e-316, 4.6410244861955195e-181, 2.3780617170715942e-292, 2.6669687182403084e+168, 2.3780921206889e-292, 2.6669693892811374e+168, 2.3774594724810797e-292, 4.1774101670298495e-194, 6.585608582e-314, 4.6406935340656073e-181, 2.37745829945513e-292, 2.8217512e-316, 4.640813044738127e-181, 5.063667135e-314, 4.6410244863646484e-181, 2.982185149581833e-292, 2.1502352434e-314, 1.8462366654820782e+166, 2.798783028336675e-178, 5.495969098605e-312, 8.91442801715854e-194, 2.121995791e-314, 1.8462362734623326e+166, 7.291122754843507e-304, 6.615055222887433e+165, 5.498213016623e-312, 1.846236124793421e+166, 6.616088930920657e+165, 2.19621476e-315, 8.16083721e-315, 0.0, 1.8428900576587295e+166, 0.0, 5.450046130476356e-181, 6.1841038188515516e-239, 1.5265328312310518e+168, 7.848293501393411e-292, 3.240301030631157e-187, 1.4596690746337995e+168, 6.379906407384554e+168, 3.240300803674855e-187, nan, 4.6413287160278723e-181, 3.240301651123013e-187, 1.7792647123360844e+168, 6.564442090949231e+168, 1.27682257276e-313, 2.2387190760774028e+168, 6.564440748539684e+168, 1.2962184422861611e-287, 1.2962209389403041e-287, 4.641695791032083e-181, 7.848294927139439e-292, 1.2960054991761994e-287, 1.36476418161763e-300, 1.2962159867038845e-287, 6.379906076484212e+168, 2.666968694363835e+168, -497302.00332690496, 5.448060893658677e-181, 1.524649585916698e+168, 2.6669686943638315e+168, 1.06462299346e-313, 2.6669693901535905e+168, 8.195061097e-315, 3.6250814e-316, 6.616312684169921e+165, 4.641934574148521e-181, 2.938079502e-314, 6.946818532864109e+165, 4.6422480286628024e-181, 2.3197027124e-314, 4.642605909389633e-181, 4.6432402343052166e-181, 6.379619505314072e+168, 2.7987832476071897e-178, 8.204552296e-315, 8.15329976e-315, 2.7190926919375e-311, 0.0, 4.243991582e-314, 0.0, 4.642339955078023e-181, 3.0151065273389665e-292, 4.6423115224521393e-181, 4.642395118272124e-181, 2.19621533e-315, 0.0, 5.56939157279587e-181, 1.4595494035269568e+168, 4.642210398172717e-181, 4.6442061612964256e-181, 4.6429274305382587e-181, 2.666968694364046e+168, 1.9195473309860632e+166, 2.394034177224153e+168, 4.463613546e-314, 4.6429276684047525e-181, 4.642311491852306e-181, 4.936948028000082e-290, 4.642487048848407e-181, 0.0, 8.161094746e-315, 4.936986918706479e-290, 0.0, 8.4879831644e-314, 1.8533445540974944e+166, 4.243991582e-314, 1.060997895e-314, 1.9173757398761432e+166, 5e-324, 2.7977477351651533e-178, 2.3341953701e-313, 8.4879831644e-314, 2.24336475e-315, 1.8335315103087457e+168, 6.79038653114e-313, 4.642899851194166e-181, 1.846236827748701e+166, 5e-324, 1.947072490432587e+168, 9.089279096588359e-182, 9.089424350525455e-182, 2.3566339088e-313, 1.2714122606092982e-300, 1.8341424622709095e+168, 1.2714293487561912e-300, 4.6433411207006527e-181, 1.2714121869164594e-300, 2.1219957915e-314, 2.340364838e-314, 6.79176991766e-313, 8.27578358635e-313, 1.9483051928123386e+168, 1.3833854e-316, 4.4e-323, nan, 4.643074520373779e-181, 4.643342008338841e-181, 1.570415223853e-312, 9.089278489023487e-182, 1.7029046485014687e+168, 9.089278489023388e-182, 9.08927905439376e-182, 1.03977793794e-312, 5.11462680185e-313, 1.8320504678876357e+168, 9.089278489023388e-182, 3.66e-322, 1.271390187456271e-300, 6.7903865311e-313, 7.21478568933e-313, 1.48539705373e-313, 2.197204313e-315, 4.643663763597672e-181, 1.196478490604e-312, 4.6436169141423093e-181, 1.060997895e-314, 2.19621818e-315, 6.37424409194418e-291, 4.6436261072569654e-181, 1.69759663287e-313, 4.6435350597960315e-181, 4.6455299698160744e-181, 4.6442512390579075e-181, 4.643635300371955e-181, 1.9195473309860632e+166, 2.3940341772243944e+168, 4.4636138306e-314, 4.6442514769247095e-181, 4.643635300371955e-181, 9.334597349988729e-182, 4.643810857368056e-181, 0.0, 8.161094746e-315, 9.334688686468006e-182, 0.0, 8.4879831644e-314, 1.853344554097683e+166, 4.243991582e-314, 1.060997895e-314, 1.9173757398761432e+166, 1.3793324590191396e-300, 2.1664197358336026e+168, 2.3341953701e-313, 8.4879831644e-314, 2.19657697e-315, 1.8335315103088664e+168, 6.79038653114e-313, 4.644223659713815e-181, 1.389084416897022e-300, 5e-324, 1.9470724904328282e+168, 9.089279096458028e-182, 9.089424350525455e-182, 2.3566290954e-313, 1.2714122606093937e-300, 1.8341424622709095e+168, 1.2714293487561912e-300, 4.6446649292203015e-181, 1.2714121869164594e-300, 2.1219957915e-314, 2.340364838e-314, 6.79176991766e-313, 8.27578358635e-313, 1.94830519281258e+168, 1.3833854e-316, 4.4e-323, nan, 4.644398328893428e-181, 4.6446658168584897e-181, 1.570415223853e-312, 9.089278489023487e-182, 1.7029046485015894e+168, 9.089278489023388e-182, 9.08927905439376e-182, 1.03977793794e-312, 5.11462680185e-313, 1.8320504678877564e+168, 9.089278489023388e-182, 3.66e-322, 1.271390187456271e-300, 6.7903865311e-313, 7.21478568933e-313, 1.48539705373e-313, 2.197204313e-315, 1.8335315103089318e+168, 1.188317642945e-312, 4.644940722661958e-181, 1.060997895e-314, 5e-324, 6.372629405519157e-291, 4.645097889493958e-181, 1.77920511217e-313, 6.372630258059981e-291, 4.6448488246126616e-181, 2.5358760766282473e-178, 4.648673370211293e-181, 0.0, 1.413785065845848e+166, 4.6449685398730817e-181, 4.6469640957123606e-181, 4.6456853649541937e-181, 4.645069426268241e-181, 1.9195473309860632e+166, 2.394034177224656e+168, 4.463614139e-314, 4.6456856028213296e-181, 4.645069426268241e-181, 2.3736200762887303e-188, 4.645244983264342e-181, 0.0, 8.161094746e-315, 2.3736418526021405e-188, 0.0, 8.4879831644e-314, 1.8533445540978872e+166, 4.243991582e-314, 1.060997895e-314, 1.9173757398761432e+166, 2.340364838e-314, 6.81052991434e-313, 2.3341953701e-313, 8.4879831644e-314, 8.20485518e-315, 1.8335315103089971e+168, 6.79038653114e-313, 4.645657785610101e-181, 4.645732479667131e-181, 5e-324, 1.9470724904330897e+168, 9.089279096605226e-182, 9.089424350525455e-182, 2.3566345317e-313, 1.2714122606094971e-300, 1.8341424622709095e+168, 1.2714293487561912e-300, 4.6460990551165877e-181, 1.2714121869164594e-300, 2.1219957915e-314, 2.340364838e-314, 6.79176991766e-313, 8.27578358635e-313, 1.9483051928128414e+168, 1.3833854e-316, 4.4e-323, 2.9289359223165014e-302, 1.9232692887783203e-187, 1.7184577535e-313, 2.71824072419e-312, 9.554287716595049e+165, 4.2329797994e-314, 4.649031667759983e-181, 1.9231285917695575e-187, nan, 4.2439915824e-314, 2.9901006806575e-311, 1.6500847881769e-310, nan, 2.718240724507e-312, 6.365987375e-314, 7.21478568933e-313, 1.48539705373e-313, 8.204855296e-315, 1.8335315103090625e+168, 1.188317642945e-312, 4.6463748485582443e-181, 1.060997895e-314, 5e-324, 1.9470724904332204e+168, 1.947522195561194e+168, 5.022516768870774e+168, 2.197209965e-315, 6.3702070525817446e-291, 1.0463612416758864e-193, 6.370207052581748e-291, 6.365987375e-314, 2e-323, 1.9232601003304995e-187, 7.549156949653339e+165, 1.5e-323, 3.5e-323, 1.50735930265e-313, 1.6975966329e-313, 7.953292278838333e+165, 1.9232601003304995e-187, 1.71845776e-313, 2.121995802e-314, 1.1088518703115952e+168, 2.121995793e-314, 1.9097962119e-313, 1.877610967719521e+166, 9.3040753313e-314, 3.6157452286854055e-308, 4.6490410777683217e-181, 4.646871276753049e-181, 2.121995794e-314, 1.77915499816e-313, 1.8493184214328552e+166, 4.646779345605847e-181, 2.9380806127e-314, 6.946818809721444e+165, 9.206437587814733e-194, 0.0, 2.3920330603690374e+168, 1.23896035141e-312, 1.259940135807043e-300, 4.64702844751998e-181, 0.0, 8.202792656e-315, 1.2599486063974288e-300, 0.0, 4.243991582e-314, 4.750234289003405e+168, 0.0, 1.060997895e-314, 6.568689065272842e+168, 1.776682896738605e+265, 2.121995791e-314, 3.76802163776e-312, 1.782476465483e-312, 1.849318026251813e+166, 8.153718504e-315, 1.9097962122e-313, 4.647524871779981e-181, 2.9380805573e-314, 8.153738914e-315, 1.9097962122e-313, 4.6475793844540695e-181, 2.9380806127e-314, 4.6485352305173255e-181, 2.121995791e-314, 4.647395284292073e-181, 4.6493910779983834e-181, 4.6481123472402165e-181, 4.647496408554264e-181, 1.9195473309860632e+166, 2.3940341772250983e+168, 4.4636146606e-314, 4.6481125851079175e-181, 4.647496408554264e-181, 4.93812234539981e-290, 4.647671965550365e-181, 0.0, 8.161094746e-315, 4.9381612361049215e-290, 0.0, 8.4879831644e-314, 1.853344554098233e+166, 4.243991582e-314, 1.060997895e-314, 1.9173757398761432e+166, 2.7318246666833e-311, 2.3463876327e-314, 2.3341953701e-313, 8.4879831644e-314, 4.648113231122047e-181, 1.8335317632250074e+168, 6.79038653114e-313, 4.648084767896124e-181, 2.196227743e-315, 5e-324, 1.947072490433532e+168, 9.089279096587556e-182, 4.6479845312679666e-181, 4.6499794373404495e-181, 4.6487007065822826e-181, 4.64808476789633e-181, 1.9195473309860632e+166, 2.3940341772252056e+168, 4.463614787e-314, 4.6487009444501206e-181, 4.64808476789633e-181, 9.334597349991319e-182, 4.648260324892431e-181, 0.0, 8.161094746e-315, 9.334688686468006e-182, 0.0, 8.4879831644e-314, 1.8533445540983167e+166, 4.243991582e-314, 1.060997895e-314, 1.9173757398761432e+166, 9.089278489023388e-182, 9.08927905439376e-182, 2.3341953701e-313, 8.4879831644e-314, 2.19657697e-315, 1.833531510309272e+168, 6.79038653114e-313, 4.64867312723819e-181, 6.8964863206e-313, 5e-324, 1.9470724904336394e+168, 9.089279096460757e-182, 9.089424350525455e-182, 2.3566291962e-313, 1.2714122606097146e-300, 1.8341424622709095e+168, 1.2714293487561912e-300, 4.6491143967446766e-181, 1.2714121869164594e-300, 2.1219957915e-314, 2.340364838e-314, 6.190254919065893e-239, 4.648738362922992e-181, 5.098112916207877e+168, 4.648756753912468e-181, 3.233637703253869e-187, 1.6343142087908276e+168, 2.1962295e-315, 6.5686890652728385e+168, 4.648903192974067e-181, 1.2599401322396193e-300, 4.650898748515907e-181, 2.3416606814e-314, 4.867938106419675e-181, 2.121995791e-314, 6.59775425623556e+168, 4.468383906e-314, 8.7076062287e-314, 4.651348323621583e-181, 5.43230922487e-312, 4.6491787485477103e-181, 0.0, 8.161094746e-315, 9.334688686468006e-182, 0.0, 8.4879831644e-314, 1.8533445540984476e+166, 4.243991582e-314, 1.060997895e-314, 1.9173757398761432e+166, 1.947522195561194e+168, 5.022516768870774e+168, 2.3341953701e-313, 8.4879831644e-314, 8.20485518e-315, 1.8335315103093558e+168, 6.79038653114e-313, 4.6495924387101685e-181, 1.852765876393032e+166, 5e-324, 1.947072490433807e+168, 9.089279096605226e-182, 9.089424350525455e-182, 2.3566345317e-313, 1.271412260609781e-300, 1.8341424622709095e+168, 1.2714293487561912e-300, 4.650033708216655e-181, 1.2714121869164594e-300, 2.1219957915e-314, 2.340364838e-314, 6.79176991766e-313, 8.27578358635e-313, 1.9483051928135587e+168, 1.3833854e-316, 4.4e-323, nan, 4.649767107889781e-181, 4.650034595854843e-181, 1.570415223853e-312, 9.089278489023487e-182, 2.3341953701e-313, 8.4879831644e-314, 1.06099789553e-313, 6.3659873734e-314, 8.20485514e-315, 1.8335315103094077e+168, 5.09278989837e-313, 4.650162411822795e-181, 6.798159256937139e+165, 5.447766713987558e-181, -8.297626914136555e+275, 2.3880649981120122e+168, 4.652433999804703e-181, 4.650355705212697e-181, 2.651412348496665e+180, 2.6133519001707283e-178, 1.48539705373e-313, 4.6524333490267743e-181, 6.375418409420655e-291, 2.017811181457089e+166, 2.196237585e-315, 4.6502000679678744e-181, 7.035813082709722e+168, 7.0358120653491545e+168, 4.650383046576002e-181, 7.035813083169313e+168, 4.650595372100881e-181, 4.650355501119351e-181, 4.650346511985409e-181, 1.4140543720527588e+166, 2.3197035188e-314, 6.943687143260955e+165, 8.7123754997e-314, 8.915094896216284e-194, 4.6516427411613417e-181, 4.652469883617393e-181, 4.6512471993596626e-181, 4.651238244113466e-181, 2.0178135951425142e+166, 2.3940341772256598e+168, 4.4636153226e-314, 4.65118308542504e-181, 4.6505669088706716e-181, 5.578125080489948e-181, 4.6507424658667726e-181, 0.0, 8.16144007e-315, 5.578234922129018e-181, 0.0, 6.365987374e-314, 1.865137331882618e+166, 4.243991582e-314, 1.060997895e-314, 2.012342186459584e+166, 8.70018274454e-313, 1.94830519281377e+168, 1.849318014200976e+166, 1.7791338178e-313, 1.9097962122e-313]

intensity [-32, -9, -117, -49, -156, -25, -118, 25, -127, -238, -108, -163, -110, -72, -20, 36, -50, -41, -112, -88, -42, -115, -58, -69, -79, -42, -129, -76, 61, -33, -216, -128, -125, -140, -46, -66, -185, -49, -156, -108, -168, -217, -91, -4, -73, -23, -75, -96, -89, -16, -78, -76, -90, -106, 38, -129, -98, -66, -38, -101, -142, 14, -63, -108, -79, -37, -166, 444522992, 1658796665, 444523108, 407706592, 71, 71, 444523016, 1659121692, 444523884, 2, 444523328, 512, 444523060, 0, 1651882674, 444523848, 1659128996, 444523884, 2, 444523200, 444523328, 512, 444523060, 444523884, 419065968, 1659130253, 444523136, 0, 0, 1651882674, 0, 1, 419065984, 0, 0, 0, 2, 444523884, 1651781764, 0, 2, 2147483647, 0, 1651882676, 1651879276, 444523168, 1659101237, 1660658784, 71980912, 1660271232, 444523184, 0, 0, 444523212, 1658633333, 1660658784, 1660271232, 1651769424, 407706592, 1660658784, 1, 1660658784, 444523244, 71980912, 71980912, 444523232, 1658640914, 0, 71980912, 444523248, 1658791633, 71980912, 0, 444523288, 1659098444, 71980912, 28151240, 0, 409975608, 407706592, 1658863382, 2, 407706592, 409975608, 444523328, 1658630652, 407706592, 409975608, 2, 10, 1660619872, 0, 0, 444523340, 1658630935, 2, 444523376, 1658687924, 407706592, 409975608, 2, 407706592, 409977216, 6, 409917224, 444523412, 1659042689, 409917168, 407706592, 409917168, 409977216, 6, 399009104, 409977216, 444523536, 1659021534, 409917168, 409957880, 409976880, 409977204, 409974040, 399009104, 409977212, 1651769440, 1651774012, 1283, 444593040, 544, 259, 1650427451, 399326312, 400164676, 8, 444593040, 444593040, 544, 444593072, 1651774012, 1650243562, 444593040, 454064872, 0, 1651769440, 444523960, 1650243836, 400164896, 1, 1651774032, 1287, 4, 399326312, 400164900, 1651769440, 454064872, 0, 454064872, 409976880, 0, 399009104, 2, 444617040, 58534368, 444617040, 7, 444523712, 413142612, 444523672, 1658476246, 444617040, 58534368, 0, 76576896, 76706600, 1658463095, 454064872, 0, 76706600, 1658463040, 444523708, 1658633127, 76706600, 454064872, 1651769440, 454064872, 1651769440, 1, 1651769440, 0, 444523728, 1658633392, 454064872, 27998768, 444523752, 1658462570, 1651776464, 1660692608, 0, 27998792, 444523772, 1658463095, 1651774012, 0, 27998768, 1658463040, 444523812, 1658633127, 27998768, 1651774012, 1651776464, 1651774012, 1651776464, 1660692408, 1651776464, 1660692408, 444732176, 0, 0, 1658463040, 0, 0, 1658632230, -1012599645, 1650204899, 1, 400164896, 400164900, 399326312, 1287, 454064872, 454064872, 0, 1, 0, 419065968, 1650663566, 454064872, 0, 1651769440, 419065968, 423005400, 444523960, 1658620331, 423005400, 444593040, 0, 1, 0, 444673492, 444523984, 1658633206, 454064872, 444523996, 1658620590, 1650663344, 444673492, 1, 0, 423005400, 444524132, 1, 444524044, 444673488, 444524132, 444524044, 1659041288, 423005400, 131, 444673496, 1, 76585456, 399009104, 444673492, 444524172, 1659023120, 0, 411797600, 444673168, 0, 411776510, 399009104, 444673488, 411776496, 444593040, 8, 411770384, 411797600, -1054975400, 444673488, 0, 411797600, 444673484, 1, 410810300, 0, 444673492, 0, 444524168, -1, -1, 444593040, 444673168, 399009104, 410810296, 1, 32, 66716194, 444524336, 61829132, 444524328, 1995924079, 38, 32, 0, 20578304, 444617040, 28151720, 28165296, 8, 444524240, 1659009452, 24, 444524668, 1995927922, 1995934811, 803166426, 28442624, 3456, 444524824, 0, 444524700, 1995927922, 1995934811, 803166266, 28442624, 3456, 444524856, 0, 16, 19204244, 0, 1610612832, 19204240, 1610612832, 444524360, 1995922894, 1651774065, 1995922894, 0, 1610612832, 16, -2063595646, 444524388, 1981088102, 20578304, 1393, 1489, 0, 378885080, 444524404, 337, -1489, 16, 1393, 1489, 0, 378885080, 444524463, 337, -1489, 28442624, 2048, 28467154, 1981103184, 378798080, 0, 444524463, 2047, 1922, 28442816, 1489, 444524484, 378798080, 0, 0, 2047, 1922, 28442816, 28470660, 1489, 61829112, 0, 0, 19202048, 433, 3464, 454175120, 1489, 2, 1794, 0, 1, 378881224, 3464, 378885072, -1922, 2, 28442624, 2, 1, 16908544, 1489, 378885072, 0, 1361, 378885072, 378885080, 8326656, 0, 0, 5444, 0, 378885079, 65536, 28470400, 8317472, 1610612832, 0, 1489, 28470400, 378885079, 3456, 3464, 444525120, 1996139808, 1117942126, -2, 444524848, 1995927084, 3456, 3464, 28471896, 444524800, 2, 28442624, 100, 444525164, 1996192036, 378838352, 28442624, 259459216, 24, 259459024, 100, 444525196, 1996192036, 378838176, 28442624, 3456, 0, 0, 259457024, 3, 0, 100, 0, 28483720, 11, 0, 720949, 378837952, 378838176, 28483704, 28442624, 444524884, 444524884, 1995914246, 2, 0, 0, 28442624, 378838176, 2, 444525136, 1995909844, 28442624, 2, 378838176, 803166966, 378838168, 28442624, 444525288, -96, -1917, 444524984, 0, 28466298, 5, 378798080, 444524984, 0, 128, 101, 28442816, 96, 0, 378798080, 0, 0, 128, 101, 28442816, 61, 0, 1995837384, 0, 0, 0, 5, 185, 61, 96, 444525080, 0, 0, 28442624, 28442816, 40, 28442624, 378885080, 2, 28442624, 2, 1, 4, 96, 378881176, 378838168, 96, 2, 444524904, 32, 720950, 444525280, 378837972, 444525272, 1995924079, 33, 32, 444526420, 28442624, 1995909258, 0, 0, 3456, 0, 0, 16, 259459024, 32, 524341, 444525352, 378837972, 444525344, 1995924079, 105, 32, 444526420, 28442624, 0, 2, 259457024, 259457472, 0, 4, 16, 259459024, 100, 259459632, 16, 444525304, 28483704, 378837952, 0, 0, 259457024, 2, 0, 2, 259457024, 259457472, 0, 3, 259459636, 0, 28442624, 259459632, 1991341563, 444525376, 1995922894, 3, 1995922894, 0, 0, 3, 444525704, 444525408, 1991341440, 28442624, 0, 3, 1995919402, 803167246, 378881176, 28442624, 0, 378838416, 444525704, 3, 7, -2063595646, 444525500, -2063595646, 1995919402, -2063595646, 378881176, 1610612832, -1821, -1821, -1826, 0, 378882032, 378877588, 0, 378838128, -1821, -1821, -1826, 0, 378882320, 378882752, 0, 1, 28442624, 5, 864, 101, 0, 0, 128, 378882752, 0, 444525706, 378881176, 0, 0, 0, 5, 1, 0, 0, 101, 444525648, 28443320, 1, 28442816, 96, 127, 0, 28442816, 444467074, 378885080, 28483976, 378881184, 0, 16894917, 0, 28442816, -2063595646, 101, 3, 0, 259457024, 404, 28443248, 101, 28443248, 16863128, 101, 5, 9001, 259457024, 444525920, 1996139808, 1117942030, -2, 444525828, 1996191997, 0, 1996192036, 378882752, 28442624, 217785524, 0, 0, 19, 378881992, 378882752, 100, 48, 28483920, 0, 0, 393235, 378881992, 378882752, 28483904, 28442624, 1, 444525860, 1995914246, 0, 0, 0, 444526420, 378882752, 444525952, 444525936, 1991340921, 28442624, 0, 378882752, -1030436722, 444526420, 444526244, 217785524, -1, 3471, 378877666, 378877651, 444525880, 444526420, 444526484, 1991429312, -1369592594, -2, 444526016, 217802344, 378882752, 378877651, 444526016, 217809587, 378882752, 8, 0, 378882752, 5, 34, 1025, 0, 444526040, 1, 0, 378882752, 1995934811, 444526420, 444526080, 217829315, 378882752, 0, 378877651, 3471, 378877552, 444526132, 7, 1982030627, 1987470198, 378882752, 378877651, 378877552, 444526244, 444526420, 444526176, 217785035, 378877552, 378877651, 3456, 444526136, 444526132, 423132672, 378881056, 378877344, 423128960, 423128952, 444526176, 3471, 73, 0]

length 67

