header_version 1

scan_name SystemTest

year 20

month 8

day 6

day_of_week 4

hour 16

minute 44

second 34

system_temp_100 3419

detector_temp_100 3198

humidity_100 5188

lamp_pd 3736

scanDataIndex 2686981

calib_coeffs {'ShiftVectorCoeffs': [-7.184240469201768, 0.0602848240468949, -0.00012646036982735795], 'PixelToWavelengthCoeffs': [1818.2214757233885, -0.9117231407026981, -0.00024073331842837744]}

Serial_number 6110149

adc_data_length 0

black_ptrn_first 0

black_ptrn_period 0

pga 16

cfg {'head': {'scan_type': 2, 'scanConfigIndex': 1713, 'scanConfig_serial_number': '', 'config_name': 'SystemTest', 'num_repeats': 30, 'num_sections': 1}, 'section': [{'section_scan_type': 0, 'width_px': 6, 'wavelength_start_nm': 900, 'wavelength_end_nm': 1700, 'num_patterns': 228, 'exposure_time': 0}, {'section_scan_type': 0, 'width_px': 0, 'wavelength_start_nm': 0, 'wavelength_end_nm': 0, 'num_patterns': 0, 'exposure_time': 0}, {'section_scan_type': 0, 'width_px': 0, 'wavelength_start_nm': 0, 'wavelength_end_nm': 0, 'num_patterns': 0, 'exposure_time': 0}, {'section_scan_type': 0, 'width_px': 0, 'wavelength_start_nm': 0, 'wavelength_end_nm': 0, 'num_patterns': 0, 'exposure_time': 0}, {'section_scan_type': 0, 'width_px': 0, 'wavelength_start_nm': 0, 'wavelength_end_nm': 0, 'num_patterns': 0, 'exposure_time': 0}]}

wavelength [1000.2892109654294, 1004.1040693206887, 1006.6449008910107, 1010.4525372467173, 1012.9885541506707, 1016.7889685068244, 1019.3201707444091, 1021.8494471154465, 1025.6397506722262, 1028.1642123768952, 1031.947293934122, 1034.4669409724222, 1038.242800530096, 1040.7576329020278, 1044.526270460149, 1047.036288165712, 1050.7977037242804, 1053.3029067634748, 1055.8061839361221, 1059.5574886953164, 1062.0559512015948, 1065.8000339612363, 1068.2936818011462, 1072.030542561235, 1074.5193757347763, 1078.2490144953122, 1080.733033002485, 1084.4554497634676, 1086.9346536042722, 1090.649848365702, 1093.1242375401378, 1095.596700848026, 1099.3017848100822, 1101.7694334516018, 1105.4672954141051, 1107.9301293892563, 1111.6207693522065, 1114.0787886609892, 1117.7622066243866, 1120.2154112668006, 1123.8916072306451, 1126.339997206691, 1128.7864613161887, 1132.4525464806593, 1134.8941959237889, 1138.5530590887065, 1140.9898938654674, 1144.6415350308325, 1147.073555141225, 1150.717974307037, 1153.1451797510606, 1156.7823769173199, 1159.204767694975, 1161.6252326060828, 1165.2523189729682, 1167.6679692177072, 1171.2878335850396, 1173.6986691634104, 1177.3113115311899, 1179.717332443192, 1183.3227528114185, 1185.723959057052, 1189.322157425726, 1191.7185490049908, 1195.3095253741117, 1197.7011022870083, 1200.090753333357, 1162.2300479172118, 1165.8564120841415, 1169.47844305134, 1173.0961408188064, 1176.7095053865412, 1180.3185367545443, 1183.9232349228157, 1187.5235998913554, 1191.1196316601636, 1195.9076001523247, 1199.4935211217587, 1203.075108891461, 1206.6523634614314, 1210.2252848316703, 1213.7938730021774, 1217.3581279729528, 1220.9180497439966, 1224.4736383153086, 1228.0248936868888, 1231.5718158587374, 1236.2943048882862, 1239.831116260761, 1243.3635944335037, 1246.891739406515, 1250.4155511797944, 1253.9350297533422, 1257.4501751271582, 1260.9609873012425, 1264.4674662755951, 1267.969612050216, 1271.4674246251052, 1276.1244341920415, 1279.6121359675567, 1283.0955045433402, 1286.574539919392, 1290.049242095712, 1293.5196110723004, 1296.985646849157, 1300.447349426282, 1303.9047188036752, 1307.3577549813367, 1310.8064579592665, 1315.3979880635902, 1318.836580242146, 1322.2708392209702, 1325.7007650000626, 1329.1263575794233, 1332.5476169590522, 1335.9645431389495, 1339.377136119115, 1342.7853958995488, 1346.1893224802511, 1349.5889158612215, 1352.9841760424601, 1357.5044490845291, 1360.8895984663939, 1364.2704146485269, 1367.6468976309282, 1371.0190474135977, 1374.3868639965356, 1377.7503473797417, 1381.109497563216, 1384.464314546959, 1387.81479833097, 1391.1609489152493, 1395.6157424947057, 1398.951782279611, 1402.2834888647847, 1405.6108622502265, 1408.9339024359367, 1412.2526094219152, 1415.566983208162, 1418.877023794677, 1422.1827311814604, 1425.484105368512, 1428.7811463558319, 1433.1704604726758, 1436.4573906606217, 1439.739987648836, 1443.0182514373184, 1446.2921820260694, 1449.5617794150885, 1452.8270436043758, 1456.0879745939314, 1459.3445723837553, 1462.5968369738478, 1465.8447683642082, 1470.1686030184396, 1473.4064236094262, 1476.639911000681, 1479.869065192204, 1483.0938861839954, 1486.3143739760553, 1489.5305285683833, 1492.7423499609795, 1495.9498381538442, 1499.1529931469768, 1502.351814940378, 1505.5463035340476, 1509.798881126024, 1512.9832589203195, 1516.1633035148832, 1519.3390149097154, 1522.5103931048156, 1525.6774381001842, 1528.840149895821, 1531.9985284917263, 1535.1525738878997, 1538.3022860843416, 1541.4476650810516, 1545.6347632104157, 1548.7700314077517, 1551.900966405356, 1555.0275682032286, 1558.1498368013695, 1561.2677721997788, 1564.3813743984563, 1567.4906433974022, 1570.5955791966162, 1573.6961817960987, 1576.7924511958493, 1580.9140698626009, 1584.0002284629775, 1587.0820538636224, 1590.1595460645356, 1593.2327050657173, 1596.301530867167, 1599.366023468885, 1602.4261828708716, 1605.4820090731262, 1608.5335020756493, 1611.5806618784404, 1615.6368010825795, 1618.673850085997, 1621.7065658896825, 1624.7349484936362, 1627.7589978978583, 1630.7787141023489, 1633.7940971071075, 1636.8051469121347, 1639.8118635174299, 1642.8142469229933, 1645.8122971288253, 1648.8060141349256, 1652.7908962768097, 1655.7745024835358, 1658.7537754905304, 1661.728715297793, 1664.6993219053243, 1667.6655953131235, 1670.6275355211912, 1673.585142529527, 1676.5384163381314, 1679.4873569470037, 1682.4319643561446, 1686.3513670354164, 1689.285863645183, 1692.216027055218, 1695.1418572655216, 1698.0633542760932, 1700.9805180869332, 0.0, 0.0, 0.0, 0.0, 0.0, 0.0, 0.0, 0.0, 0.0, 0.0, 0.0, 0.0, 0.0, 0.0, 0.0, 0.0, 0.0, 0.0, 0.0, 0.0, 0.0, 0.0, 0.0, 0.0, 0.0, 0.0, 0.0, 0.0, 0.0, 0.0, 0.0, 0.0, 0.0, 0.0, 0.0, 0.0, 0.0, 0.0, 0.0, 0.0, 0.0, 0.0, 0.0, 0.0, 0.0, 0.0, 0.0, 0.0, 0.0, 0.0, 0.0, 0.0, 0.0, 0.0, 0.0, 0.0, 0.0, 0.0, 0.0, 0.0, 0.0, 0.0, 0.0, 0.0, 0.0, 0.0, 0.0, 0.0, 0.0, 0.0, 0.0, 0.0, 0.0, 0.0, 0.0, 0.0, 0.0, 0.0, 0.0, 0.0, 0.0, 0.0, 0.0, 0.0, 0.0, 0.0, 0.0, 0.0, 0.0, 0.0, 0.0, 0.0, 0.0, 0.0, 0.0, 0.0, 0.0, 0.0, 0.0, 0.0, 0.0, 0.0, 0.0, 0.0, 0.0, 0.0, 0.0, 0.0, 0.0, 0.0, 0.0, 0.0, 0.0, 0.0, 0.0, 0.0, 0.0, 0.0, 0.0, 0.0, 0.0, 0.0, 0.0, 0.0, 0.0, 0.0, 0.0, 0.0, 0.0, 0.0, 0.0, 0.0, 0.0, 0.0, 0.0, 0.0, 0.0, 0.0, 0.0, 0.0, 0.0, 0.0, 0.0, 0.0, 0.0, 0.0, 0.0, 0.0, 0.0, 0.0, 0.0, 0.0, 0.0, 0.0, 0.0, 0.0, 0.0, 0.0, 0.0, 0.0, 0.0, 0.0, 0.0, 0.0, 0.0, 0.0, 0.0, 0.0, 0.0, 0.0, 0.0, 0.0, 0.0, 0.0, 0.0, 0.0, 0.0, 0.0, 0.0, 0.0, 0.0, 0.0, 0.0, 0.0, 0.0, 0.0, 0.0, 0.0, 0.0, 0.0, 0.0, 0.0, 0.0, 0.0, 0.0, 0.0, 0.0, 0.0, 0.0, 0.0, 0.0, 0.0, 0.0, 0.0, 0.0, 0.0, 0.0, 0.0, 0.0, 0.0, 0.0, 0.0, 0.0, 0.0, 0.0, 0.0, 0.0, 0.0, 0.0, 0.0, 0.0, 0.0, 0.0, 0.0, 0.0, 0.0, 0.0, 0.0, 0.0, 0.0, 0.0, 0.0, 0.0, 0.0, 0.0, 0.0, 0.0, 0.0, 0.0, 0.0, 0.0, 0.0, 0.0, 0.0, 0.0, 0.0, 0.0, 0.0, 0.0, 0.0, 0.0, 0.0, 0.0, 0.0, 0.0, 0.0, 0.0, 0.0, 0.0, 0.0, 0.0, 0.0, 0.0, 0.0, 0.0, 0.0, 0.0, 0.0, 0.0, 0.0, 0.0, 0.0, 0.0, 0.0, 0.0, 0.0, 0.0, 0.0, 0.0, 0.0, 0.0, 0.0, 0.0, 0.0, 0.0, 0.0, 0.0, 0.0, 0.0, 0.0, 0.0, 0.0, 0.0, 0.0, 0.0, 0.0, 0.0, 0.0, 0.0, 0.0, 0.0, 0.0, 0.0, 0.0, 0.0, 0.0, 0.0, 0.0, 0.0, 0.0, 0.0, 0.0, 0.0, 0.0, 0.0, 0.0, 0.0, 0.0, 0.0, 0.0, 0.0, 0.0, 0.0, 0.0, 0.0, 0.0, 0.0, 0.0, 0.0, 0.0, 0.0, 0.0, 0.0, 0.0, 0.0, 0.0, 0.0, 0.0, 0.0, 0.0, 0.0, 0.0, 0.0, 0.0, 0.0, 0.0, 0.0, 0.0, 0.0, 0.0, 0.0, 0.0, 0.0, 0.0, 0.0, 0.0, 0.0, 0.0, 0.0, 0.0, 0.0, 0.0, 0.0, 0.0, 0.0, 0.0, 0.0, 0.0, 0.0, 0.0, 0.0, 0.0, 0.0, 0.0, 0.0, 0.0, 0.0, 0.0, 0.0, 0.0, 0.0, 0.0, 0.0, 0.0, 0.0, 0.0, 0.0, 0.0, 0.0, 0.0, 0.0, 0.0, 0.0, 0.0, 0.0, 0.0, 0.0, 0.0, 0.0, 0.0, 0.0, 0.0, 0.0, 0.0, 0.0, 0.0, 0.0, 0.0, 0.0, 0.0, 0.0, 0.0, 0.0, 0.0, 0.0, 0.0, 0.0, 0.0, 0.0, 0.0, 0.0, 0.0, 0.0, 0.0, 0.0, 0.0, 0.0, 0.0, 0.0, 0.0, 0.0, 0.0, 0.0, 0.0, 0.0, 0.0, 0.0, 0.0, 0.0, 0.0, 0.0, 0.0, 0.0, 0.0, 0.0, 0.0, 0.0, 0.0, 0.0, 0.0, 0.0, 0.0, 0.0, 0.0, 0.0, 0.0, 0.0, 0.0, 0.0, 0.0, 0.0, 0.0, 0.0, 0.0, 0.0, 0.0, 0.0, 0.0, 0.0, 0.0, 0.0, 0.0, 0.0, 0.0, 0.0, 0.0, 0.0, 0.0, 0.0, 0.0, 0.0, 0.0, 0.0, 0.0, 0.0, 0.0, 0.0, 0.0, 0.0, 0.0, 0.0, 0.0, 0.0, 0.0, 0.0, 0.0, 0.0, 0.0, 0.0, 0.0, 0.0, 0.0, 0.0, 0.0, 0.0, 0.0, 0.0, 0.0, 0.0, 0.0, 0.0, 0.0, 0.0, 0.0, 0.0, 0.0, 0.0, 0.0, 0.0, 0.0, 0.0, 0.0, 0.0, 0.0, 0.0, 0.0, 0.0, 0.0, 0.0, 0.0, 0.0, 0.0, 0.0, 0.0, 0.0, 0.0, 0.0, 0.0, 0.0, 0.0, 0.0, 0.0, 0.0, 0.0, 0.0, 0.0, 0.0, 0.0, 0.0, 0.0, 0.0, 0.0, 0.0, 0.0, 0.0, 0.0, 0.0, 0.0, 0.0, 0.0, 0.0, 0.0, 0.0, 0.0, 0.0, 0.0, 0.0, 0.0, 0.0, 0.0, 0.0, 0.0, 0.0, 0.0, 0.0, 0.0, 0.0, 0.0, 0.0, 0.0, 0.0, 0.0, 0.0, 0.0, 0.0, 0.0, 0.0, 0.0, 0.0, 0.0, 0.0, 0.0, 0.0, 0.0, 0.0, 0.0, 0.0, 0.0, 0.0, 0.0, 0.0, 0.0, 0.0, 0.0, 0.0, 0.0, 0.0, 0.0, 0.0, 0.0, 0.0, 0.0, 0.0, 0.0, 0.0, 0.0, 0.0, 0.0, 0.0, 0.0, 0.0, 0.0, 0.0, 0.0, 0.0, 0.0, 0.0, 0.0, 0.0, 0.0, 0.0, 0.0, 0.0, 0.0, 0.0, 0.0]

intensity [510560, 516764, 520400, 525008, 527424, 530108, 531408, 532672, 534620, 536176, 537276, 537588, 537616, 537464, 537080, 536172, 534028, 533108, 532376, 531420, 530992, 530720, 530780, 531160, 530976, 531516, 532264, 533968, 535252, 536716, 538232, 539956, 542956, 545076, 547836, 549660, 552512, 554496, 557392, 558920, 561472, 563324, 565216, 568416, 570532, 573236, 575260, 578484, 580648, 583640, 585964, 589744, 592428, 595348, 600000, 603316, 608376, 611844, 617532, 621280, 628292, 632688, 639664, 644816, 652792, 658476, 664176, 405516, 408580, 411884, 415184, 418872, 422420, 427100, 431148, 436024, 442964, 448748, 454036, 459564, 465812, 472100, 478568, 484788, 491888, 499012, 506160, 515604, 523232, 531044, 538224, 544972, 552560, 559840, 566112, 571676, 577764, 584508, 594008, 601708, 610640, 618880, 625884, 633192, 639936, 645932, 650920, 655736, 660216, 664984, 667980, 670532, 672728, 674464, 675524, 676704, 677516, 677876, 676800, 675776, 673820, 670860, 668056, 666324, 665104, 663632, 661088, 657492, 653644, 650600, 648196, 646292, 642480, 639780, 637224, 634864, 632872, 630628, 628592, 626684, 625408, 624192, 623140, 622264, 621084, 620552, 619980, 619344, 618332, 617424, 615796, 614048, 612044, 609620, 606472, 603360, 600196, 596920, 593224, 589948, 586284, 582668, 578612, 574336, 570232, 565972, 560208, 555132, 550036, 545928, 540844, 535424, 530280, 524980, 518928, 512932, 506812, 498472, 492068, 485168, 478356, 471676, 464844, 457332, 449852, 442972, 435376, 427580, 417120, 409880, 401900, 393956, 386040, 378632, 370532, 362684, 354660, 346940, 338780, 328328, 320440, 312644, 304668, 296916, 289000, 281744, 274084, 266372, 259008, 251684, 244220, 234252, 226912, 219156, 210820, 201892, 191436, 179776, 165764, 150088, 132880, 115636, 93628, 79288, 67032, 56892, 48456, 41424, 0, 0, 0, 0, 0, 0, 0, 0, 0, 0, 0, 0, 0, 0, 0, 0, 0, 0, 0, 0, 0, 0, 0, 0, 0, 0, 0, 0, 0, 0, 0, 0, 0, 0, 0, 0, 0, 0, 0, 0, 0, 0, 0, 0, 0, 0, 0, 0, 0, 0, 0, 0, 0, 0, 0, 0, 0, 0, 0, 0, 0, 0, 0, 0, 0, 0, 0, 0, 0, 0, 0, 0, 0, 0, 0, 0, 0, 0, 0, 0, 0, 0, 0, 0, 0, 0, 0, 0, 0, 0, 0, 0, 0, 0, 0, 0, 0, 0, 0, 0, 0, 0, 0, 0, 0, 0, 0, 0, 0, 0, 0, 0, 0, 0, 0, 0, 0, 0, 0, 0, 0, 0, 0, 0, 0, 0, 0, 0, 0, 0, 0, 0, 0, 0, 0, 0, 0, 0, 0, 0, 0, 0, 0, 0, 0, 0, 0, 0, 0, 0, 0, 0, 0, 0, 0, 0, 0, 0, 0, 0, 0, 0, 0, 0, 0, 0, 0, 0, 0, 0, 0, 0, 0, 0, 0, 0, 0, 0, 0, 0, 0, 0, 0, 0, 0, 0, 0, 0, 0, 0, 0, 0, 0, 0, 0, 0, 0, 0, 0, 0, 0, 0, 0, 0, 0, 0, 0, 0, 0, 0, 0, 0, 0, 0, 0, 0, 0, 0, 0, 0, 0, 0, 0, 0, 0, 0, 0, 0, 0, 0, 0, 0, 0, 0, 0, 0, 0, 0, 0, 0, 0, 0, 0, 0, 0, 0, 0, 0, 0, 0, 0, 0, 0, 0, 0, 0, 0, 0, 0, 0, 0, 0, 0, 0, 0, 0, 0, 0, 0, 0, 0, 0, 0, 0, 0, 0, 0, 0, 0, 0, 0, 0, 0, 0, 0, 0, 0, 0, 0, 0, 0, 0, 0, 0, 0, 0, 0, 0, 0, 0, 0, 0, 0, 0, 0, 0, 0, 0, 0, 0, 0, 0, 0, 0, 0, 0, 0, 0, 0, 0, 0, 0, 0, 0, 0, 0, 0, 0, 0, 0, 0, 0, 0, 0, 0, 0, 0, 0, 0, 0, 0, 0, 0, 0, 0, 0, 0, 0, 0, 0, 0, 0, 0, 0, 0, 0, 0, 0, 0, 0, 0, 0, 0, 0, 0, 0, 0, 0, 0, 0, 0, 0, 0, 0, 0, 0, 0, 0, 0, 0, 0, 0, 0, 0, 0, 0, 0, 0, 0, 0, 0, 0, 0, 0, 0, 0, 0, 0, 0, 0, 0, 0, 0, 0, 0, 0, 0, 0, 0, 0, 0, 0, 0, 0, 0, 0, 0, 0, 0, 0, 0, 0, 0, 0, 0, 0, 0, 0, 0, 0, 0, 0, 0, 0, 0, 0, 0, 0, 0, 0, 0, 0, 0, 0, 0, 0, 0, 0, 0, 0, 0, 0, 0, 0, 0, 0, 0, 0, 0, 0, 0, 0, 0, 0, 0, 0, 0, 0, 0, 0, 0, 0, 0, 0, 0, 0, 0, 0, 0, 0, 0, 0, 0, 0, 0, 0, 0, 0, 0, 0, 0, 0, 0, 0, 0, 0, 0, 0, 0, 0, 0, 0, 0, 0, 0, 0, 0, 0, 0, 0, 0, 0, 0, 0, 0, 0, 0, 0, 0, 0, 0, 0, 0, 0, 0, 0, 0, 0, 0, 0, 0, 0, 0, 0, 0, 0, 0, 0, 0, 0, 0, 0, 0, 0, 0, 0, 0, 0, 0, 0, 0, 0, 0, 0, 0, 0, 0, 0, 0, 0, 0, 0, 0, 0, 0, 0, 0, 0, 0, 0, 0, 0, 0, 0, 0, 0, 0, 0, 0, 0, 0, 0, 0, 0, 0, 0, 0, 0, 0, 0, 0, 0, 0, 0, 0, 0, 0, 0, 0, 0, 0, 0, 0, 0, 0, 0, 0, 0, 0, 0, 0, 0, 0, 0, 0, 0, 0, 0, 0, 0, 0, 0, 0, 0, 0, 0, 0, 0, 0, 0, 0, 0, 0, 0, 0, 0]

length 67

