header_version 1

scan_name Column8

year 21

month 11

day 12

day_of_week 4

hour 12

minute 31

second 39

system_temp_100 3542

detector_temp_100 0

humidity_100 4480

lamp_pd 3781

scanDataIndex 28901450

calib_coeffs {'ShiftVectorCoeffs': [-5.713123829081724, 0.04097406475656816, -7.15390922308575e-05], 'PixelToWavelengthCoeffs': [1813.9087003966104, -0.9220271166534978, -0.00023989028940842022]}

Serial_number 6100125

adc_data_length 0

black_ptrn_first 0

black_ptrn_period 0

pga 64

cfg {'head': {'scan_type': 2, 'scanConfigIndex': 426, 'scanConfig_serial_number': '6100125', 'config_name': 'Column8', 'num_repeats': 5, 'num_sections': 1}, 'section': [{'section_scan_type': 0, 'width_px': 7, 'wavelength_start_nm': 900, 'wavelength_end_nm': 1700, 'num_patterns': 326, 'exposure_time': 2}, {'section_scan_type': 0, 'width_px': 0, 'wavelength_start_nm': 28674, 'wavelength_end_nm': 427, 'num_patterns': 12598, 'exposure_time': 12336}, {'section_scan_type': 49, 'width_px': 50, 'wavelength_start_nm': 53, 'wavelength_end_nm': 28483, 'num_patterns': 30060, 'exposure_time': 28269}, {'section_scan_type': 57, 'width_px': 0, 'wavelength_start_nm': 6752, 'wavelength_end_nm': 256, 'num_patterns': 0, 'exposure_time': 0}, {'section_scan_type': 0, 'width_px': 128, 'wavelength_start_nm': 0, 'wavelength_end_nm': 14087, 'num_patterns': 490, 'exposure_time': 0}]}

wavelength [900.4884167037656, 903.1154728417017, 905.7406098573225, 909.6747170264126, 912.2950562362453, 914.9134763237627, 917.5299772889648, 920.1445591318516, 922.7572218524232, 925.3679654506795, 929.2804824937228, 931.886428286191, 934.4904549563439, 937.0925625041814, 939.6927509297037, 942.2910202329108, 944.8873704138026, 948.7782973307992, 951.3698497059029, 953.9594829586913, 956.5471970891642, 959.1329920973221, 961.7168679831648, 964.298824746692, 968.1681615376418, 970.745320495381, 973.3205603308048, 975.8938810439133, 978.4652826347067, 981.0347651031848, 984.8853904515607, 987.4500751142507, 990.0128406546253, 992.5736870726846, 995.1326143684287, 997.6896225418575, 1000.244711592971, 1004.0737468153003, 1006.6240380606257, 1009.1724101836359, 1011.7188631843305, 1014.2633970627102, 1016.8060118187746, 1019.3467074525236, 1023.154152548806, 1025.690050376767, 1028.2240290824125, 1030.756088665743, 1033.286229126758, 1035.8144504654579, 1038.3407526818423, 1042.126607652078, 1044.6481120626745, 1047.1676973509555, 1049.6853635169214, 1052.201110560572, 1054.7149384819072, 1057.2268472809271, 1060.9911121251162, 1063.498223118348, 1066.0034149892645, 1068.5066877378658, 1071.0080413641522, 1073.5074758681228, 1076.0049912497784, 1079.7476659679205, 1082.2403835437879, 1084.73118199734, 1087.2200613285768, 1089.7070215374983, 1092.1920626241044, 1095.916025899673, 1098.3962691804911, 1100.874593338994, 1103.3509983751815, 1105.8254842890537, 1108.298051080611, 1110.7686987498528, 1114.4710718993742, 1116.9369217628278, 1119.4008525039662, 1121.8628641227892, 1124.3229566192972, 1126.7811299934897, 1129.237384245367, 1132.918167268842, 1135.3696237149309, 1137.8191610387048, 1140.2667792401635, 1142.7124783193067, 1145.1562582761346, 1147.5981191106475, 1151.2573120080756, 1153.6943750368, 1156.1295189432094, 1158.5627437273035, 1160.9940493890824, 1163.4234359285458, 1165.8509033456942, 1169.4885061170753, 1171.9111757284354, 1174.3319262174805, 1176.75075758421, 1179.1676698286242, 1181.5826629507233, 1183.995736950507, 1187.6117495958415, 1190.0200257898373, 1192.4263828615176, 1194.8308208108826, 1197.2333396379322, 1199.633939342667, 1203.2312405454277, 1205.627042444374, 1208.0209252210052, 1210.412888875321, 1212.8029334073212, 1215.1910588170067, 1217.5772651043767, 1221.1529761810907, 1223.5343846626724, 1225.9138740219391, 1228.2914442588904, 1230.6670953735265, 1233.0408273658472, 1235.412640235853, 1238.96676118652, 1241.3337762507372, 1243.6988721926393, 1246.0620490122262, 1248.4233067094979, 1250.782645284454, 1253.1400647370951, 1256.6725955617153, 1259.0252172085684, 1261.375919733106, 1263.7247031353281, 1266.0715674152352, 1268.416512572827, 1270.7595386081034, 1274.2704793066773, 1276.6087075361656, 1278.9450166433385, 1281.2794066281963, 1283.611877490739, 1285.9424292309664, 1288.2710618488782, 1291.7604124214051, 1294.084247233529, 1296.4061629233374, 1298.726159490831, 1301.044236936009, 1303.3603952588717, 1306.8310343888247, 1309.1423949058992, 1311.4518363006587, 1313.7593585731026, 1316.0649617232314, 1318.3686457510448, 1320.670410656543, 1324.1194596604496, 1326.4164267601595, 1328.7114747375545, 1331.0046035926339, 1333.2958133253983, 1335.5851039358472, 1337.872475423981, 1341.2999343018405, 1343.5825079841861, 1345.8631625442165, 1348.1418979819314, 1350.4187142973312, 1352.6936114904156, 1354.966589561185, 1358.3724583129979, 1360.6406385779787, 1362.9068997206446, 1365.1712417409954, 1367.4336646390307, 1369.6941684147505, 1371.9527530681553, 1375.3370316939213, 1377.5908185415378, 1379.842686266839, 1382.0926348698251, 1384.340664350496, 1386.5867747088514, 1388.8309659448917, 1392.193654444611, 1394.433047874863, 1396.6705221827997, 1398.9060773684214, 1401.1397134317276, 1403.3714303727186, 1406.715407429864, 1408.9423265650669, 1411.1673265779543, 1413.3904074685267, 1415.6115692367837, 1417.8308118827256, 1420.048135406352, 1423.3705223374507, 1425.583048055289, 1427.793654650812, 1430.0023421240198, 1432.2091104749124, 1434.4139597034896, 1436.6168898097517, 1439.9176866148034, 1442.1158189152773, 1444.3120320934358, 1446.5063261492792, 1448.698701082807, 1450.8891568940198, 1453.0776935829174, 1456.3569002619224, 1458.5406391450317, 1460.722458905826, 1462.9023595443045, 1465.080341060468, 1467.2564034543163, 1469.4305467258494, 1472.6881632788077, 1474.8575087445524, 1477.0249350879822, 1479.1904423090964, 1481.3540304078954, 1483.515699384379, 1485.6754492385476, 1488.9114756654592, 1491.0664277138394, 1493.2194606399046, 1495.3705744436543, 1497.5197691250887, 1499.6670446842081, 1502.8843596685458, 1505.0268374218767, 1507.1673960528926, 1509.3060355615933, 1511.4427559479784, 1513.5775572120485, 1515.7104393538032, 1518.9061642120942, 1521.0342485480608, 1523.1604137617119, 1525.2846598530482, 1527.4069868220688, 1529.5273946687744, 1531.6458833931647, 1534.8200181254088, 1536.9337090440108, 1539.0454808402976, 1541.1553335142692, 1543.2632670659254, 1545.3692814952665, 1547.473376802292, 1550.6259214084896, 1552.7252189097271, 1554.8225972886494, 1556.9180565452564, 1559.0115966795481, 1561.1032176915246, 1563.1929195811858, 1566.3238740613365, 1568.4087781452097, 1570.4917631067674, 1572.5728289460098, 1574.6519756629373, 1576.7292032575492, 1578.804511729846, 1581.9138760839498, 1583.9843867504583, 1586.0529782946517, 1588.1196507165296, 1590.1844040160925, 1592.2472381933399, 1595.3378911048699, 1597.3959274763292, 1599.4520447254733, 1601.506242852302, 1603.5585218568156, 1605.608881739014, 1607.6573224988967, 1610.72638528438, 1612.7700282384749, 1614.8117520702544, 1616.8515567797187, 1618.8894423668678, 1620.9254088317014, 1622.95945617422, 1626.0069288336565, 1628.0361783703868, 1630.0635087848018, 1632.0889200769016, 1634.112412246686, 1636.1339852941553, 1638.1536392193093, 1641.179521752699, 1643.194377872065, 1645.2073148691154, 1647.2183327438506, 1649.2274314962706, 1651.2346111263753, 1653.2398716341647, 1656.244164041508, 1658.2446267435091, 1660.243170323195, 1662.239794780566, 1664.2345001156214, 1666.2272863283615, 1668.2181534187866, 1671.200855700083, 1673.1869249847196, 1675.1710751470412, 1677.1533061870473, 1679.1336181047384, 1681.112010900114, 1684.0760017388366, 1686.0495967284241, 1688.0212725956962, 1689.9910293406533, 1691.9588669632951, 1693.9247854636214, 1695.8887848416327, 1698.8311855543084, 1700.7903871265314, 8.128340434634114e+145, 2.922361925341142e+145, 1.798275395e-315, 7.810495497e-315, 0.0, 8.11700351820688e+145, 0.0, 2.6285751278650394e-203, -4.1208871746842995e-20, 5.771470076962744e+147, 2.172357736244149e-296, 5.830237522969383e-205, 5.544926857702485e+147, 2.401346642096229e+148, 5.830237198048935e-205, nan, 3.5510333312498706e-204, 5.83023860518902e-205, 6.86217696381849e+147, 2.4638697610263593e+148, 1.27565315416e-313, 8.783826597317841e+147, 2.4638693218690756e+148, 2.193560742456542e-294, 2.1935667004786014e-294, 3.5515191442892266e-204, 2.1723581560922007e-296, 2.193053046854684e-294, 1.0407919194681136e-296, 2.193554871376033e-294, 2.4013465513649668e+148, 1.4350421356276617e-296, 9.736166580605251e+250, 2.627835583064411e-203, 5.765089393646664e+147, 2.6278353751147626e-203, 1.06345357486e-313, 2.401366501770506e+148, 7.84374801e-315, 2.4556628e-316, 2.922512607865614e+145, 3.551835228154549e-204, 2.903045331e-314, 3.1464730574144115e+145, 3.552250031391453e-204, 2.3341953701e-313, 8.4879831644e-314, 1.813168115e-315, 7.22990309041672e+147, 6.79038653114e-313, 3.552115068833197e-204, 1.060997895e-314, 5e-324, 7.795689529335847e+147, 1.4981438834975965e-205, 1.4981679172937957e-205, 2.3523287085e-313, 2.6270711048382355e-209, 7.23404305868191e+147, 2.6271267982679137e-209, 3.552699084162276e-204, 2.627070908174126e-209, 2.1219957915e-314, 2.299434788e-314, 6.80748681304e-313, 8.27578358635e-313, 7.799866087455081e+147, 1.0234793348354297e+148, 2e-323, nan, 3.552346241567572e-204, 3.552700208583135e-204, 1.465887123843e-312, 1.4981438022695182e-205, 6.369041037743144e+147, 1.498143802269503e-205, 1.498143811702776e-205, 9.33678148366e-313, 5.1105337968e-313, 7.219867156601028e+147, 1.498143802269503e-205, 3.4e-322, 2.627073422894314e-209, 6.7903865311e-313, 1.465951485735e-312, 7.805384021904551e+147, 3.552809712501685e-204, 2.4488166405402274e+148, 3.552784253064443e-204, 2.4488170793030236e+148, 2.1058813e-316, 2.017071991307192e-296, 2.0170720853169797e-296, 9.140803421779396e+147, 2.0170724230541525e-296, 1.0234795112998246e+148, 0.0, 6.340628248203292e+147, 1.9762233710853946e+148, 2.627071762352481e-209, 2.907338937e-314, 3.553113887426736e-204, 2.017072002884397e-296, 6.363739552656378e+147, 2.017071991307192e-296, 7.253096706599759e+147, 2.1058813e-316, 9.123774039550988e+147, 1.0532859919494278e-296, 4.461382920133701e-209, 7.690562182681626e+147, 2.627070908174125e-209, 3.553368514075086e-204, 2.627071765949461e-209, 4.415384911e-314, 2.9209974870567897e-209, 0.0, 6.333317747203717e+147, 3.553514272225902e-204, 2.6270717659804064e-209, 4.415384911e-314, 2.920997674069797e-209, 1.254156047196063e-208, 8.783826597318999e+147, 2.627071096438614e-209, 2.92099767532128e-209, 2.4663084892065984e-212, 3.554001196878261e-204, 1.2541415381128157e-208, 2.9202179307379635e-209, 1.238516673440286e-208, 2.9209883857067905e-209, 2.401366149395558e+148, 1.2536065129151811e-208, 9.736166970085127e+250, 1.71065378e-315, 2.920951261957384e-209, 3.5540374526249464e-204, 2.9209974870567897e-209, 6.048824021895759e+147, 2.4013672699067253e+148, 2.466308671903139e-212, 8.6692999753e-314, 3.554232369612719e-204, 2.9202186004635833e-209, 0.0, 2.920969827304711e-209, 5e-324, 7.795689012634414e+147, 2.466308489206595e-212, 1.2617381350444502e-208, 2.920951073688473e-209, 3.5545365442630914e-204, 7.84544434e-315, 4.4238196056e-314, 0.0, 4.243991582e-314, 0.0, 1.2807713291241938e-208, 1.2057970411256736e-208, 3.554816386525529e-204, 1.256235366096697e-208, 1.280771339771439e-208, 0.0, nan, 5.544521396221721e+147, 3.554816386455648e-204, 1e-323, 5.824032035176549e-205, 3.5549378095907424e-204, 1.2973913711057635e-208, 4.4238196056e-314, 3.554828306716524e-204, 8.6664363847e-314, 5.8240323597331945e-205, 7.842136123e-315, 1.3236425044878018e-208, 1.5530358053725673e-291, 6.7903865311e-313, 1.487171443645e-312, -4.114683514173833e-20, 3.555011071152205e-204, 1.2973913711217786e-208, 5.82403234369537e-205, 3.555120574026424e-204, 2.0885268690446732e-203, 7.85323921e-315, 1.3240806500346799e-208, 5.771284977175634e+147, 5.553493374721464e+147, 3.5552300769006425e-204, 5e-324, 5.553621404207925e+147, 8.12060465636612e+145, 6.689041862580698e+147, 1.3240806466866648e-208, 2.4013669455535794e+148, 3.5554004147049826e-204, 2.401366501133534e+148, 2.4424591760486956e-203, 3.5554864435457094e-204, 8.120606416755801e+145, 2.6093424520284937e-203, 2.05787907e-316, 8.538379117551307e+147, 2.6093424520249424e-203, 3.556021790935503e-204, 1.0534495219876162e-296, 7.85323913e-315, 1e-323, 3.555753255426685e-204, 1.0614849226477672e-296, 2.3341953701e-313, 8.4879831644e-314, 3.555850593448724e-204, 3.558491694160885e-204, 3.55679935845246e-204, 3.555984170389194e-204, 8.3767284628266e+145, 9.310054628829271e+147, 4.4238202024e-314, 3.556799616224907e-204, 3.555984170389194e-204, 5.824032357392714e-205, 3.556216467780406e-204, 0.0, 7.810753033e-315, 5.82409287010667e-205, 0.0, 8.4879831644e-314, 8.152424640601989e+145, 4.243991582e-314, 1.060997895e-314, 8.369370747310383e+145, 2.299434622e-314, 6.80748681304e-313, 2.3341953701e-313, 8.4879831644e-314, 1.813694275e-315, 7.229903090418889e+147, 6.79038653114e-313, 3.556762857494476e-204, 3.5568617142558324e-204, 5e-324, 7.795689529338016e+147, 1.4978245001046466e-205, 1.4978485339106582e-205, 2.352326518e-313, 9.650879573250424e-297, 7.234043058681433e+147, 9.65101955622476e-297, 3.557346872823558e-204, 9.650879078941799e-297, 2.1219957915e-314, 2.299434622e-314, 6.79243692684e-313, 8.27578358635e-313, 7.79986608745725e+147, 2.05039456e-316, 4.4e-323, nan, 3.5569940302288536e-204, 3.557347997244414e-204, 1.57048192477e-312, 1.4978244188863817e-205, 6.369041037744228e+147, 1.4978244188863653e-205, 1.4978244987696213e-205, 1.03977793794e-312, 5.1105337802e-313, 7.219867156603198e+147, 1.4978244188863653e-205, 3.66e-322, 9.650698746855813e-297, 6.7903865311e-313, 7.21478568933e-313, 1.48539705373e-313, 7.85354221e-315, 7.229903090419332e+147, 1.188317642945e-312, 3.55771188240437e-204, 1.060997895e-314, 5e-324, 7.795689529338459e+147, 7.797213303918796e+147, 1.9414451410238988e+148, 1.78456887e-315, 3.557821641085138e-204, 3.557713006842653e-204, 1.9414463581125397e+148, 9.650879078941786e-297, 1.9414866017468327e+148, 8.150461711898011e+145, 3.5577240493903046e-204, 7.843424695e-315, 2.436271204004529e+148, 3.5578457192505475e-204, 2.4362715523164412e+148, 1.78456875e-315, 5.824033442341986e-205, 1.06099789706e-313, 7.85354213e-315, 4.3563119514236144e+147, 2.6731947984935386e-203, 3.558065844599813e-204, 8.234642458465453e+145, 1.0534961851705758e-296, 8.538866895023182e+147, 2.52248919116239e-203, 3.558186424357677e-204, 1.0534961860716311e-296, 7.85323913e-315, 1e-323, 5.852198911920821e-205, 2.9030464414e-314, 3.1464730360494876e+145, 4.8591094283924836e-210, 0.0, 9.303274581197212e+147, 1.238609038326e-312, 9.55689992686872e-297, 3.558576863069118e-204, 0.0, 7.85147957e-315, 9.5569694273299e-297, 0.0, 4.243991582e-314, 1.8491922457813508e+148, 0.0, 1.060997895e-314, 2.465308691897656e+148, 3.1829936865e-313, 7.853542527e-315, 7.229903090419962e+147, 2.546394949163e-312, 8.138781829931943e+145, 7.80337679e-315, 1.9097962122e-313, 1.5033799256e-313, 2.121995791e-314, 7.8033972e-315, 1.9097962122e-313, 3.559306015346599e-204, 2.9030464414e-314, 3.560571124119988e-204, 2.121995791e-314, 1.9097962119e-313, 3.560036034508246e-204, 8.6678120433e-314, 3.559220844593381e-204, 2.903045331e-314, 3.1464730360491593e+145, 3.3810258030859725e-306, 2.126237127e-314, 3.5602185392987236e-204, 3.561058061334292e-204, 2e-323, 2.5228586221290353e-203, 2.7093541268827706e+145, 7.854144497e-315, 3.3799827997147966e-306, 0.0, 3.3810258030859725e-306, 3.631547770361494e+145, 8.138781829931802e+145, 8.11700351820688e+145, 2.731789632512e-311, 2.3033070017e-314, 5.704793855590631e-307, 7.548209768553719e-206, 3.56001256235147e-204, 2.723965118387e-312, 4.173643113832216e+145, 2.2989226236e-314, 1.79828838e-315, 7.547599671011068e-206, nan, 4.2439915824e-314, 3.559841358571889e-204, 3.562482465576852e-204, 3.560790129868427e-204, 3.559974941805161e-204, 8.3767284628266e+145, 9.310054628831133e+147, 4.4238208507e-314, 3.560790387641803e-204, 3.559974941805161e-204, 5.824032357393875e-205, 3.5602072391963726e-204, 0.0, 7.810753033e-315, 5.82409287010667e-205, 0.0, 8.4879831644e-314, 8.152424640603445e+145, 4.243991582e-314, 1.060997895e-314, 8.369370747310383e+145, 3.379418839298821e-306, 3.3951932656e-313, 2.3341953701e-313, 8.4879831644e-314, 1.813107404e-315, 7.229903090420752e+147, 6.79038653114e-313, 3.5607536289104425e-204, 1.068035791602783e-306, 5e-324, 7.795689529339878e+147, 1.4978245001143792e-205, 1.4978485339106582e-205, 2.3523286907e-313, 9.650879573252206e-297, 7.234043058681433e+147, 9.65101955622476e-297, 3.561337644239525e-204, 9.650879078941799e-297, 2.1219957915e-314, 2.299434622e-314, -4.1116641108551085e-20, 3.560839917401122e-204, 1.9670581120159054e+148, 3.560864257533786e-204, 5.828868412121203e-205, 6.136647588537086e+147, 1.79829014e-315, 2.4653086918976548e+148, 3.5610580613344845e-204, 9.556899923088702e-297, 3.5636991637868384e-204, 2.303316705e-314, 2.5467545802489005e-203, 2.121995791e-314, 2.4751563818317923e+148, 4.4253020417e-314, 8.6678122923e-314, 3.5642942218434256e-204, 5.43230922487e-312, 3.5614228131416885e-204, 0.0, 7.810753033e-315, 5.82409287010667e-205, 0.0, 8.4879831644e-314, 8.152424640603888e+145, 4.243991582e-314, 1.060997895e-314, 8.369370747310383e+145, 7.797213303918796e+147, 1.9414451410238988e+148, 2.3341953701e-313, 8.4879831644e-314, 1.813694275e-315, 7.22990309042132e+147, 6.79038653114e-313, 3.5619703275128714e-204, 8.150464093603142e+145, 5e-324, 7.795689529340446e+147, 1.4978245001045315e-205, 1.4978485339106582e-205, 2.3523264923e-313, 9.650879573252749e-297, 7.234043058681433e+147, 9.65101955622476e-297, 3.562554342841954e-204, 9.650879078941799e-297, 2.1219957915e-314, 2.299434622e-314, 6.79243692684e-313, 8.27578358635e-313, 7.79986608745968e+147, 2.05039456e-316, 4.4e-323, nan, 3.562201500247249e-204, 3.5625554672628094e-204, 1.57048192477e-312, 1.4978244188863817e-205, 2.3341953701e-313, 8.4879831644e-314, 1.06099789553e-313, 6.3659873734e-314, 2.0999861e-316, 7.229903090421672e+147, 5.09278989837e-313, 3.562724680646377e-204, 3.045737621888059e+145, 2.626511814984651e-203, 1.181114804889447e+265, 2.6022647605002557e+91, 5.55114506893e-311, 3.562980445127059e-204, 2.6514123157386713e+180, 4.778320525201098e-299, -1.0162464715481898e-149, -1.3342376339448526e+241, 3.721093926959994e-295, 4.778320527302623e-299, -1.0162465505558914e-149, 3.562774467920158e-204, 2.689816517954715e+148, 2.689815823205497e+148, 3.56301668831087e-204, 2.689816518266146e+148, nan, nan, 3.56296825945677e-204, nan, 2.1262369295e-314, 3.144351119225359e+145, 8.669293576e-314, 3.379244005660421e-306, 3.564683823170754e-204, 2.7219834802338356e-306, 3.564160618456396e-204, 3.564148475785413e-204, 2.6703494961423458e-306, 9.310054123901575e+147, 1.798298043e-315, 3.5640752160949835e-204, 3.5632600280315884e-204, 3.26967181613e-312, 7.511865100165e-312, -3.473583868715887e-164, 5.5682839405825e-311, 5.040630222537778e-205, 2.6700886302086802e-306, 2.121995792e-314, 3.267995912574e-312, 4.4107865313e-314, 9.302689428637643e-212, 8.691128204868978e+145, 8.70018274296e-313, 5.14e-322, 8.138782213795207e+145, 1.7756304007e-313, 1.9097962122e-313]

intensity [19280, 22236, 24999, 27937, 29718, 31391, 33526, 35386, 37645, 40419, 45046, 48839, 52483, 56922, 61640, 66438, 71245, 78059, 82545, 86610, 90979, 95381, 99692, 104102, 111019, 115654, 120324, 124981, 129526, 134068, 140404, 144488, 148105, 151881, 154812, 157921, 160489, 164317, 166180, 167902, 169336, 170539, 171703, 172545, 173535, 174201, 174643, 175082, 175123, 175654, 176251, 176622, 176974, 177240, 177364, 177474, 177896, 178014, 178262, 178672, 178730, 179003, 179302, 179634, 179788, 180184, 180520, 180776, 181250, 181581, 181797, 182183, 182187, 182627, 182948, 183291, 183437, 183568, 183794, 183904, 183917, 183950, 183818, 183888, 183758, 183749, 183809, 183523, 182978, 183449, 182915, 183053, 182724, 182765, 182811, 183053, 182983, 183191, 183329, 183471, 184081, 184323, 184866, 185293, 186038, 186897, 188144, 189185, 190532, 191752, 193313, 195150, 198022, 199540, 201365, 203151, 205378, 207232, 209740, 213353, 215915, 218347, 221136, 223852, 226615, 229288, 233369, 236121, 239016, 241199, 244597, 247104, 249906, 253912, 256503, 259164, 261561, 263634, 265783, 267761, 271005, 272944, 274926, 276982, 279425, 281851, 284329, 287893, 289866, 292092, 294047, 296238, 298785, 299659, 301570, 302962, 304603, 305782, 306978, 308051, 309557, 310215, 311220, 311939, 312512, 312762, 313057, 313605, 314156, 313968, 313754, 313096, 312383, 311447, 309696, 308662, 307279, 306115, 305045, 304094, 303081, 300929, 299113, 297246, 295399, 294185, 292600, 291357, 289367, 287796, 286726, 286066, 285374, 285333, 282696, 281381, 279544, 278068, 276413, 275880, 275783, 276512, 276836, 276738, 276372, 275879, 275558, 275251, 275747, 275221, 274984, 274812, 274725, 274421, 274301, 273939, 273494, 273073, 272582, 271904, 271363, 270716, 269590, 268897, 268214, 267336, 266508, 265442, 264619, 263286, 262665, 262013, 261241, 260588, 259563, 258320, 257680, 256919, 255884, 255009, 253766, 252597, 250608, 249384, 247794, 246445, 244749, 243194, 242032, 238600, 237116, 235407, 233348, 231583, 229678, 227849, 224686, 222708, 220564, 218402, 216322, 213955, 211967, 208658, 206201, 204142, 201824, 199548, 197262, 194860, 191564, 189179, 186750, 184533, 182226, 179850, 176277, 174090, 171796, 169305, 167184, 164217, 162623, 158933, 156492, 154054, 151533, 149215, 146666, 144429, 140028, 137672, 135170, 132513, 129853, 127239, 124631, 120919, 118402, 115916, 113444, 110877, 108245, 105719, 101531, 98715, 95673, 92340, 88970, 85421, 81474, 75114, 70342, 65610, 60539, 55360, 50062, 42643, 37958, 33672, 29787, 26357, 23328, 20836, 17493, 15789, 1, 363980220, 366697936, 363980308, 363980220, 1587934728, 361195440, 131, 366697944, 1, 59691632, 335584008, 366697940, 363980348, 1587916560, 0, 350146944, 366697616, 0, 350127774, 335584008, 366697936, 350127760, 367017360, 8, 350121392, 350146944, 1946890865, 366697936, 0, 350146944, 366697932, 1, 349160204, 0, 366697940, 0, 363980344, -1, -1, 367017360, 366697616, 1, 1, 0, 32, 4587549, 363980512, 47080228, 363980504, 1995924079, 95, 32, 0, 8257536, 1, 41652136, 41665712, 8, 363980416, 1587902892, 24, 363980844, 1995927922, 1995934811, 1391035413, 7995392, 3456, 363981000, 0, 363980876, 1995927922, 1995934811, 1391035509, 7995392, 3456, 363981032, 0, 16, 6818252, 0, 704643114, 6818248, 905969718, 363980536, 1995922894, 1580864113, 1995922894, 0, 704643114, 16, 1090520647, 363980564, 1981088102, 8257536, 1120, 1174, 0, 328052144, 363980580, 391, -1174, 16, 1120, 1174, 0, 328052144, 363980639, 391, -1174, 1579256600, 367017360, 8023610, 1981103184, 328007680, 0, 363980639, 2047, 1607, 7995584, 1174, 363980660, 328007680, 0, 0, 2047, 1607, 7995584, 8027076, 1174, 47080208, 0, 0, 6815744, 433, 3464, 366980392, 1174, 1, 1479, 0, 1, 328048624, 3464, 328052136, 1587265633, 1, 7995392, 2, 1, 16843008, 1174, 328052136, 0, 1046, 328052136, 328052144, 8804640, 0, 0, 4184, 0, 328052143, 1577123872, 8026856, 11659728, 905969718, 0, 1174, 8026856, 328052143, 3456, 3464, 363981296, 1996139808, 811314673, -2, 363981024, 1995927084, 3456, 3464, 8028352, 363980976, 2, 7995392, 100, 363981340, 1996192036, 328008112, 7995392, 3456, 24, 325978064, 100, 363981372, 1996192036, 328008240, 7995392, 3456, 0, 0, 325976064, 3, 0, 100, 0, 8036496, 28, 0, 1835012, 328007752, 328008240, 8036480, 7995392, 363981060, 363981060, 1995914246, 2, 0, 0, 7995392, 328008240, 2, 363981312, 1995909844, 7995392, 2, 328008240, 1391035961, 328008232, 7995392, 363981464, -42, -1602, 363981160, 1981119391, 8022754, 5, 328007680, 363981160, 0, 128, 47, 7995584, 42, 0, 328007680, 0, 0, 128, 47, 7995584, 0, 0, 1995837384, 0, 0, 0, 5, 168, 0, 42, 1996843128, 0, 0, 7995392, 7995584, 40, 7995392, 328052144, 1, 7995392, 2, 1, 4, 42, 328047208, 328008232, 7211744, 2, 363981080, 32, 1835013, 363981456, 328007772, 363981448, 1995924079, 4, 32, 363982596, 7995392, 1995909258, 0, 0, 3456, 0, 0, 16, 325978064, 32, 4, 363981528, 328007772, 363981520, 1995924079, 122, 32, 363982596, 7995392, 0, 2, 325976064, 325976512, 0, 4, 16, 325978064, 100, 325978776, 16, 363981480, 8036480, 328007752, 0, 0, 325976064, 2, 0, 2, 325976064, 325976512, 0, 3, 325978780, 0, 7995392, 325978776, 1991341563, 363981552, 1995922894, 3, 1995922894, 0, 0, 3, 363981880, 363981584, 1991341440, 7995392, 0, 3, 1995919402, 1391034465, 328047208, 7995392, 0, 328008256, 363981880, 3, 7, 905969718, 363981676, 1090520647, 1995919402, 905969718, 328047208, 704643114, -7, -1560, -12, 0, 328049912, 328043620, 0, 328007792, -7, -1560, -12, 0, 328049240, 328049480, 0, 1, 7995392, 5, 864, 47, 0, 0, 128, 328049480, 0, 363981882, 328047208, 0, 0, 0, 5, 1, 0, 0, 47, 363981824, 7996088, 1, 7995584, 42, 127, 0, 7995584, 363921462, 328048624, 8036752, 328047216, 0, 16894917, 0, 7995584, 905969718, 47, 3, 0, 325976064, 188, 7996016, 47, 7996016, 16863096, 47, 15, 0, 325976064, 363982096, 1996139808, 811314577, -2, 363982004, 1996191997, 0, 1996192036, 328049480, 7995392, 1829512372, 2, 0, 1114131, 328049056, 328049672, 100, 138, 8036776, 2, 0, 196627, 328049056, 328049480, 8036760, 7995392, 1, 363982036, 1995914246, 0, 0, 0, 363982596, 328049480, 363982128, 363982112, 1991340921, 7995392, 0, 328049480, -414156304, 363982596, 363982420, 1829512372, -1, 3471, 328043698, 328043683, 363982056, 363982596, 363982660, 1991429312, -2074731072, -2, 363982192, 1829529192, 328049480, 328043683, 363982192, 1829536435, 328049480, 8, 0, 328049480, 5, 34, 1025, 0, 363982216, 1, 0, 328049480, 1995934811, 363982596, 363982256, 1829556163, 328049480, 0, 328043683, 3471, 328043584, 363982308, 7, 1982030627, 1987470198, 328049480, 328043683, 328043584, 363982420, 363982596, 363982352, 1829511883, 328043584, 328043683, 3456, 363982312, 0, 363982316, 1991617793, 337768560, 10496, 1995922894, 88, 337779056, 337768560, 363982352]

length 326

